50 12
79 8 86 54 99 68 72 4 88 87 100 37 33 76 65 95 74 51 62 94 10 28 92 46 7 84 24 66 25 16 27 53 85 64 13 49 59 48 17 12 32 90 77 35 82 43 26 42 3 75
47 12 50 66 77 16 32 24 82 69 45 78 7 53 51 52 8 13 46 14 79 100 11 74 58 2 91 1 62 96 22 73 34 42 88 10 38 6 89 31 23 4 63 81 28 56 37 80 99 87
90 75 87 24 58 15 86 79 51 8 32 57 69 88 83 21 76 25 11 13 100 31 49 38 55 22 26 35 59 77 30 64 37 99 72 16 29 14 89 34 47 44 63 95 50 62 85 41 10 42
30 58 84 31 99 50 1 82 54 71 55 98 70 3 37 26 49 5 83 100 2 87 29 66 13 56 79 81 61 7 96 45 97 28 62 6 17 90 32 33 52 75 94 69 73 67 74 27 93 92
38 63 50 72 55 99 48 40 76 11 86 42 43 98 64 74 26 93 44 6 70 69 56 54 52 46 13 10 36 53 82 49 67 2 91 32 16 62 24 75 3 79 39 4 22 21 57 96 17 89
40 60 58 22 62 78 71 1 49 65 20 72 84 21 68 85 81 44 9 12 41 29 59 93 67 16 48 15 10 2 90 13 57 30 52 33 45 70 14 37 95 42 92 83 23 94 54 34 98 39
78 29 67 24 89 74 88 21 66 41 39 56 77 64 90 80 33 2 65 36 60 26 34 48 51 76 58 9 11 25 44 1 6 72 87 83 84 10 69 62 99 54 96 42 17 53 18 22 16 55
77 80 9 69 15 42 6 4 27 58 51 2 79 1 20 56 3 17 54 57 93 44 18 100 48 71 33 30 8 29 40 91 64 63 89 96 72 11 97 25 23 78 21 61 41 19 36 65 12 81
98 43 11 41 87 29 57 37 34 75 17 79 86 61 76 62 89 4 67 65 18 27 74 95 9 20 52 63 68 39 73 7 35 80 30 56 5 54 91 23 33 88 97 70 71 21 31 12 45 6
22 3 64 26 32 56 5 83 68 63 20 24 52 50 82 40 86 7 47 100 81 17 16 58 95 31 70 18 62 60 80 12 2 51 67 15 72 61 90 89 11 30 46 36 38 93 28 57 6 78
27 11 14 41 88 72 76 7 35 89 20 83 8 95 78 31 9 61 25 34 69 33 6 50 54 29 36 1 85 60 5 13 97 100 30 51 45 91 21 62 66 12 58 80 63 71 74 40 26 77
63 72 48 68 12 77 8 60 9 39 54 38 35 45 16 44 28 40 43 50 18 11 56 83 57 99 71 53 37 93 74 82 25 61 92 75 95 6 49 90 19 22 98 81 1 34 14 26 46 5
86 34 42 44 32 94 18 74 14 62 28 26 52 22 46 48 38 2 36 100 82 58 64 54 80 98 30 12 66 6 10 84 50 8 68 24 72 78 70 60 76 4 56 40 92 90 88 96 16 20