15
105
0 1 7
0 2 7
0 3 1
0 4 1
0 5 4
0 6 4
0 7 1
0 8 1
0 9 5
0 10 5
0 11 7
0 12 7
0 13 1
0 14 1
1 2 15
1 3 4
1 4 10
1 5 2
1 6 12
1 7 7
1 8 8
1 9 3
1 10 12
1 11 2
1 12 15
1 13 6
1 14 9
2 3 10
2 4 4
2 5 12
2 6 2
2 7 8
2 8 7
2 9 12
2 10 3
2 11 15
2 12 2
2 13 9
2 14 6
3 4 4
3 5 2
3 6 6
3 7 2
3 8 3
3 9 2
3 10 7
3 11 4
3 12 10
3 13 1
3 14 3
4 5 6
4 6 2
4 7 3
4 8 2
4 9 7
4 10 2
4 11 10
4 12 4
4 13 3
4 14 1
5 6 9
5 7 5
5 8 4
5 9 3
5 10 9
5 11 4
5 12 12
5 13 2
5 14 6
6 7 4
6 8 5
6 9 9
6 10 3
6 11 12
6 12 4
6 13 6
6 14 2
7 8 4
7 9 3
7 10 7
7 11 6
7 12 9
7 13 3
7 14 1
8 9 7
8 10 3
8 11 9
8 12 6
8 13 1
8 14 3
9 10 11
9 11 1
9 12 13
9 13 5
9 14 5
10 11 13
10 12 1
10 13 5
10 14 5
11 12 16
11 13 7
11 14 8
12 13 8
12 14 7
13 14 3
15
0 FACTORY 0 0 0 0 0
1 FACTORY 1 20 0 0 0
2 FACTORY -1 20 0 0 0
3 FACTORY 0 0 1 0 0
4 FACTORY 0 0 1 0 0
5 FACTORY 0 9 2 0 0
6 FACTORY 0 9 2 0 0
7 FACTORY 0 5 2 0 0
8 FACTORY 0 5 2 0 0
9 FACTORY 0 0 0 0 0
10 FACTORY 0 0 0 0 0
11 FACTORY 0 0 0 0 0
12 FACTORY 0 0 0 0 0
13 FACTORY 0 0 0 0 0
14 FACTORY 0 0 0 0 0
