13
78
0 1 7
0 2 7
0 3 6
0 4 6
0 5 1
0 6 1
0 7 3
0 8 3
0 9 6
0 10 6
0 11 3
0 12 3
1 2 16
1 3 1
1 4 14
1 5 6
1 6 9
1 7 3
1 8 12
1 9 4
1 10 14
1 11 3
1 12 12
2 3 14
2 4 1
2 5 9
2 6 6
2 7 12
2 8 3
2 9 14
2 10 4
2 11 12
2 12 3
3 4 13
3 5 5
3 6 7
3 7 1
3 8 11
3 9 1
3 10 13
3 11 3
3 12 10
4 5 7
4 6 5
4 7 11
4 8 1
4 9 13
4 10 1
4 11 10
4 12 3
5 6 3
5 7 3
5 8 4
5 9 7
5 10 7
5 11 2
5 12 5
6 7 4
6 8 3
6 9 7
6 10 7
6 11 5
6 12 2
7 8 8
7 9 2
7 10 11
7 11 1
7 12 8
8 9 11
8 10 2
8 11 8
8 12 1
9 10 14
9 11 5
9 12 10
10 11 10
10 12 5
11 12 8
13
0 FACTORY 0 0 0 0 0
1 FACTORY 1 26 2 0 0
2 FACTORY -1 26 2 0 0
3 FACTORY 0 2 1 0 0
4 FACTORY 0 2 1 0 0
5 FACTORY 0 6 2 0 0
6 FACTORY 0 6 2 0 0
7 FACTORY 0 0 0 0 0
8 FACTORY 0 0 0 0 0
9 FACTORY 0 0 0 0 0
10 FACTORY 0 0 0 0 0
11 FACTORY 0 5 1 0 0
12 FACTORY 0 5 1 0 0
