13
78
0 1 4
0 2 4
0 3 2
0 4 2
0 5 7
0 6 7
0 7 6
0 8 6
0 9 1
0 10 1
0 11 1
0 12 1
1 2 9
1 3 1
1 4 7
1 5 5
1 6 11
1 7 1
1 8 11
1 9 4
1 10 4
1 11 1
1 12 6
2 3 7
2 4 1
2 5 11
2 6 5
2 7 11
2 8 1
2 9 4
2 10 4
2 11 6
2 12 1
3 4 5
3 5 4
3 6 11
3 7 3
3 8 9
3 9 2
3 10 3
3 11 1
3 12 4
4 5 11
4 6 4
4 7 9
4 8 3
4 9 3
4 10 2
4 11 4
4 12 1
5 6 16
5 7 4
5 8 14
5 9 6
5 10 9
5 11 7
5 12 9
6 7 14
6 8 4
6 9 9
6 10 6
6 11 9
6 12 7
7 8 14
7 9 6
7 10 7
7 11 4
7 12 8
8 9 7
8 10 6
8 11 8
8 12 4
9 10 3
9 11 3
9 12 1
10 11 1
10 12 3
11 12 4
13
0 FACTORY 0 0 0 0 0
1 FACTORY 1 16 2 0 0
2 FACTORY -1 16 2 0 0
3 FACTORY 0 15 3 0 0
4 FACTORY 0 15 3 0 0
5 FACTORY 0 1 1 0 0
6 FACTORY 0 1 1 0 0
7 FACTORY 0 0 0 0 0
8 FACTORY 0 0 0 0 0
9 FACTORY 0 0 0 0 0
10 FACTORY 0 0 0 0 0
11 FACTORY 0 0 0 0 0
12 FACTORY 0 0 0 0 0
